	x		e^-x		(e^-x)'
      0.00	      1.00	     -1.01
      0.01	      0.99	     -1.00
      0.02	      0.98	     -0.99
      0.03	      0.97	     -0.98
      0.04	      0.96	     -0.97
      0.05	      0.95	     -0.96
      0.06	      0.94	     -0.95
      0.07	      0.93	     -0.94
      0.08	      0.92	     -0.93
      0.09	      0.91	     -0.92
      0.10	      0.90	     -0.91
      0.11	      0.90	     -0.90
      0.12	      0.89	     -0.89
      0.13	      0.88	     -0.88
      0.14	      0.87	     -0.87
      0.15	      0.86	     -0.87
      0.16	      0.85	     -0.86
      0.17	      0.84	     -0.85
      0.18	      0.84	     -0.84
      0.19	      0.83	     -0.83
      0.20	      0.82	     -0.82
      0.21	      0.81	     -0.81
      0.22	      0.80	     -0.81
      0.23	      0.79	     -0.80
      0.24	      0.79	     -0.79
      0.25	      0.78	     -0.78
      0.26	      0.77	     -0.77
      0.27	      0.76	     -0.77
      0.28	      0.76	     -0.76
      0.29	      0.75	     -0.75
      0.30	      0.74	     -0.74
      0.31	      0.73	     -0.74
      0.32	      0.73	     -0.73
      0.33	      0.72	     -0.72
      0.34	      0.71	     -0.72
      0.35	      0.70	     -0.71
      0.36	      0.70	     -0.70
      0.37	      0.69	     -0.69
      0.38	      0.68	     -0.69
      0.39	      0.68	     -0.68
      0.40	      0.67	     -0.67
      0.41	      0.66	     -0.67
      0.42	      0.66	     -0.66
      0.43	      0.65	     -0.65
      0.44	      0.64	     -0.65
      0.45	      0.64	     -0.64
      0.46	      0.63	     -0.63
      0.47	      0.63	     -0.63
      0.48	      0.62	     -0.62
      0.49	      0.61	     -0.62
      0.50	      0.61	     -0.61
      0.51	      0.60	     -0.60
      0.52	      0.59	     -0.60
      0.53	      0.59	     -0.59
      0.54	      0.58	     -0.59
      0.55	      0.58	     -0.58
      0.56	      0.57	     -0.57
      0.57	      0.57	     -0.57
      0.58	      0.56	     -0.56
      0.59	      0.55	     -0.56
      0.60	      0.55	     -0.55
      0.61	      0.54	     -0.55
      0.62	      0.54	     -0.54
      0.63	      0.53	     -0.54
      0.64	      0.53	     -0.53
      0.65	      0.52	     -0.52
      0.66	      0.52	     -0.52
      0.67	      0.51	     -0.51
      0.68	      0.51	     -0.51
      0.69	      0.50	     -0.50
      0.70	      0.50	     -0.50
      0.71	      0.49	     -0.49
      0.72	      0.49	     -0.49
      0.73	      0.48	     -0.48
      0.74	      0.48	     -0.48
      0.75	      0.47	     -0.47
      0.76	      0.47	     -0.47
      0.77	      0.46	     -0.47
      0.78	      0.46	     -0.46
      0.79	      0.45	     -0.46
      0.80	      0.45	     -0.45
      0.81	      0.44	     -0.45
      0.82	      0.44	     -0.44
      0.83	      0.44	     -0.44
      0.84	      0.43	     -0.43
      0.85	      0.43	     -0.43
      0.86	      0.42	     -0.43
      0.87	      0.42	     -0.42
      0.88	      0.41	     -0.42
      0.89	      0.41	     -0.41
      0.90	      0.41	     -0.41
      0.91	      0.40	     -0.40
      0.92	      0.40	     -0.40
      0.93	      0.39	     -0.40
      0.94	      0.39	     -0.39
      0.95	      0.39	     -0.39
      0.96	      0.38	     -0.38
      0.97	      0.38	     -0.38
      0.98	      0.38	     -0.38
      0.99	      0.37	     -0.37
      1.00	      0.37	     -0.37
      1.01	      0.36	     -0.37
      1.02	      0.36	     -0.36
      1.03	      0.36	     -0.36
      1.04	      0.35	     -0.36
      1.05	      0.35	     -0.35
      1.06	      0.35	     -0.35
      1.07	      0.34	     -0.34
      1.08	      0.34	     -0.34
      1.09	      0.34	     -0.34
      1.10	      0.33	     -0.33
      1.11	      0.33	     -0.33
      1.12	      0.33	     -0.33
      1.13	      0.32	     -0.32
      1.14	      0.32	     -0.32
      1.15	      0.32	     -0.32
      1.16	      0.31	     -0.32
      1.17	      0.31	     -0.31
      1.18	      0.31	     -0.31
      1.19	      0.30	     -0.31
      1.20	      0.30	     -0.30
      1.21	      0.30	     -0.30
      1.22	      0.30	     -0.30
      1.23	      0.29	     -0.29
      1.24	      0.29	     -0.29
      1.25	      0.29	     -0.29
      1.26	      0.28	     -0.29
      1.27	      0.28	     -0.28
      1.28	      0.28	     -0.28
      1.29	      0.28	     -0.28
      1.30	      0.27	     -0.27
      1.31	      0.27	     -0.27
      1.32	      0.27	     -0.27
      1.33	      0.26	     -0.27
      1.34	      0.26	     -0.26
      1.35	      0.26	     -0.26
      1.36	      0.26	     -0.26
      1.37	      0.25	     -0.26
      1.38	      0.25	     -0.25
      1.39	      0.25	     -0.25
      1.40	      0.25	     -0.25
      1.41	      0.24	     -0.25
      1.42	      0.24	     -0.24
      1.43	      0.24	     -0.24
      1.44	      0.24	     -0.24
      1.45	      0.23	     -0.24
      1.46	      0.23	     -0.23
      1.47	      0.23	     -0.23
      1.48	      0.23	     -0.23
      1.49	      0.23	     -0.23
      1.50	      0.22	     -0.22
      1.51	      0.22	     -0.22
      1.52	      0.22	     -0.22
      1.53	      0.22	     -0.22
      1.54	      0.21	     -0.22
      1.55	      0.21	     -0.21
      1.56	      0.21	     -0.21
      1.57	      0.21	     -0.21
      1.58	      0.21	     -0.21
      1.59	      0.20	     -0.20
      1.60	      0.20	     -0.20
      1.61	      0.20	     -0.20
      1.62	      0.20	     -0.20
      1.63	      0.20	     -0.20
      1.64	      0.19	     -0.19
      1.65	      0.19	     -0.19
      1.66	      0.19	     -0.19
      1.67	      0.19	     -0.19
      1.68	      0.19	     -0.19
      1.69	      0.18	     -0.19
      1.70	      0.18	     -0.18
      1.71	      0.18	     -0.18
      1.72	      0.18	     -0.18
      1.73	      0.18	     -0.18
      1.74	      0.18	     -0.18
      1.75	      0.17	     -0.17
      1.76	      0.17	     -0.17
      1.77	      0.17	     -0.17
      1.78	      0.17	     -0.17
      1.79	      0.17	     -0.17
      1.80	      0.17	     -0.17
      1.81	      0.16	     -0.16
      1.82	      0.16	     -0.16
      1.83	      0.16	     -0.16
      1.84	      0.16	     -0.16
      1.85	      0.16	     -0.16
      1.86	      0.16	     -0.16
      1.87	      0.15	     -0.15
      1.88	      0.15	     -0.15
      1.89	      0.15	     -0.15
      1.90	      0.15	     -0.15
      1.91	      0.15	     -0.15
      1.92	      0.15	     -0.15
      1.93	      0.15	     -0.15
      1.94	      0.14	     -0.14
      1.95	      0.14	     -0.14
      1.96	      0.14	     -0.14
      1.97	      0.14	     -0.14
      1.98	      0.14	     -0.14
      1.99	      0.14	     -0.14
      2.00	      0.14	     -0.14
      2.01	      0.13	     -0.13
      2.02	      0.13	     -0.13
      2.03	      0.13	     -0.13
      2.04	      0.13	     -0.13
      2.05	      0.13	     -0.13
      2.06	      0.13	     -0.13
      2.07	      0.13	     -0.13
      2.08	      0.12	     -0.13
      2.09	      0.12	     -0.12
      2.10	      0.12	     -0.12
      2.11	      0.12	     -0.12
      2.12	      0.12	     -0.12
      2.13	      0.12	     -0.12
      2.14	      0.12	     -0.12
      2.15	      0.12	     -0.12
      2.16	      0.12	     -0.12
      2.17	      0.11	     -0.11
      2.18	      0.11	     -0.11
      2.19	      0.11	     -0.11
      2.20	      0.11	     -0.11
      2.21	      0.11	     -0.11
      2.22	      0.11	     -0.11
      2.23	      0.11	     -0.11
      2.24	      0.11	     -0.11
      2.25	      0.11	     -0.11
      2.26	      0.10	     -0.10
      2.27	      0.10	     -0.10
      2.28	      0.10	     -0.10
      2.29	      0.10	     -0.10
      2.30	      0.10	     -0.10
      2.31	      0.10	     -0.10
      2.32	      0.10	     -0.10
      2.33	      0.10	     -0.10
      2.34	      0.10	     -0.10
      2.35	      0.10	     -0.10
      2.36	      0.09	     -0.09
      2.37	      0.09	     -0.09
      2.38	      0.09	     -0.09
      2.39	      0.09	     -0.09
      2.40	      0.09	     -0.09
      2.41	      0.09	     -0.09
      2.42	      0.09	     -0.09
      2.43	      0.09	     -0.09
      2.44	      0.09	     -0.09
      2.45	      0.09	     -0.09
      2.46	      0.09	     -0.09
      2.47	      0.08	     -0.09
      2.48	      0.08	     -0.08
      2.49	      0.08	     -0.08
      2.50	      0.08	     -0.08
      2.51	      0.08	     -0.08
      2.52	      0.08	     -0.08
      2.53	      0.08	     -0.08
      2.54	      0.08	     -0.08
      2.55	      0.08	     -0.08
      2.56	      0.08	     -0.08
      2.57	      0.08	     -0.08
      2.58	      0.08	     -0.08
      2.59	      0.08	     -0.08
      2.60	      0.07	     -0.07
      2.61	      0.07	     -0.07
      2.62	      0.07	     -0.07
      2.63	      0.07	     -0.07
      2.64	      0.07	     -0.07
      2.65	      0.07	     -0.07
      2.66	      0.07	     -0.07
      2.67	      0.07	     -0.07
      2.68	      0.07	     -0.07
      2.69	      0.07	     -0.07
      2.70	      0.07	     -0.07
      2.71	      0.07	     -0.07
      2.72	      0.07	     -0.07
      2.73	      0.07	     -0.07
      2.74	      0.06	     -0.06
      2.75	      0.06	     -0.06
      2.76	      0.06	     -0.06
      2.77	      0.06	     -0.06
      2.78	      0.06	     -0.06
      2.79	      0.06	     -0.06
      2.80	      0.06	     -0.06
      2.81	      0.06	     -0.06
      2.82	      0.06	     -0.06
      2.83	      0.06	     -0.06
      2.84	      0.06	     -0.06
      2.85	      0.06	     -0.06
      2.86	      0.06	     -0.06
      2.87	      0.06	     -0.06
      2.88	      0.06	     -0.06
      2.89	      0.06	     -0.06
      2.90	      0.06	     -0.06
      2.91	      0.05	     -0.05
      2.92	      0.05	     -0.05
      2.93	      0.05	     -0.05
      2.94	      0.05	     -0.05
      2.95	      0.05	     -0.05
      2.96	      0.05	     -0.05
      2.97	      0.05	     -0.05
      2.98	      0.05	     -0.05
      2.99	      0.05	     -0.05
      3.00	      0.05	     -0.05
      3.01	      0.05	     -0.05
      3.02	      0.05	     -0.05
      3.03	      0.05	     -0.05
      3.04	      0.05	     -0.05
      3.05	      0.05	     -0.05
      3.06	      0.05	     -0.05
      3.07	      0.05	     -0.05
      3.08	      0.05	     -0.05
      3.09	      0.05	     -0.05
      3.10	      0.05	     -0.05
      3.11	      0.04	     -0.04
      3.12	      0.04	     -0.04
      3.13	      0.04	     -0.04
      3.14	      0.04	     -0.04
      3.15	      0.04	     -0.04
      3.16	      0.04	     -0.04
      3.17	      0.04	     -0.04
      3.18	      0.04	     -0.04
      3.19	      0.04	     -0.04
      3.20	      0.04	     -0.04
      3.21	      0.04	     -0.04
      3.22	      0.04	     -0.04
      3.23	      0.04	     -0.04
      3.24	      0.04	     -0.04
      3.25	      0.04	     -0.04
      3.26	      0.04	     -0.04
      3.27	      0.04	     -0.04
      3.28	      0.04	     -0.04
      3.29	      0.04	     -0.04
      3.30	      0.04	     -0.04
      3.31	      0.04	     -0.04
      3.32	      0.04	     -0.04
      3.33	      0.04	     -0.04
      3.34	      0.04	     -0.04
      3.35	      0.04	     -0.04
      3.36	      0.03	     -0.03
      3.37	      0.03	     -0.03
      3.38	      0.03	     -0.03
      3.39	      0.03	     -0.03
      3.40	      0.03	     -0.03
      3.41	      0.03	     -0.03
      3.42	      0.03	     -0.03
      3.43	      0.03	     -0.03
      3.44	      0.03	     -0.03
      3.45	      0.03	     -0.03
      3.46	      0.03	     -0.03
      3.47	      0.03	     -0.03
      3.48	      0.03	     -0.03
      3.49	      0.03	     -0.03
      3.50	      0.03	     -0.03
      3.51	      0.03	     -0.03
      3.52	      0.03	     -0.03
      3.53	      0.03	     -0.03
      3.54	      0.03	     -0.03
      3.55	      0.03	     -0.03
      3.56	      0.03	     -0.03
      3.57	      0.03	     -0.03
      3.58	      0.03	     -0.03
      3.59	      0.03	     -0.03
      3.60	      0.03	     -0.03
      3.61	      0.03	     -0.03
      3.62	      0.03	     -0.03
      3.63	      0.03	     -0.03
      3.64	      0.03	     -0.03
      3.65	      0.03	     -0.03
      3.66	      0.03	     -0.03
      3.67	      0.03	     -0.03
      3.68	      0.03	     -0.03
      3.69	      0.02	     -0.03
      3.70	      0.02	     -0.02
      3.71	      0.02	     -0.02
      3.72	      0.02	     -0.02
      3.73	      0.02	     -0.02
      3.74	      0.02	     -0.02
      3.75	      0.02	     -0.02
      3.76	      0.02	     -0.02
      3.77	      0.02	     -0.02
      3.78	      0.02	     -0.02
      3.79	      0.02	     -0.02
      3.80	      0.02	     -0.02
      3.81	      0.02	     -0.02
      3.82	      0.02	     -0.02
      3.83	      0.02	     -0.02
      3.84	      0.02	     -0.02
      3.85	      0.02	     -0.02
      3.86	      0.02	     -0.02
      3.87	      0.02	     -0.02
      3.88	      0.02	     -0.02
      3.89	      0.02	     -0.02
      3.90	      0.02	     -0.02
      3.91	      0.02	     -0.02
      3.92	      0.02	     -0.02
      3.93	      0.02	     -0.02
      3.94	      0.02	     -0.02
      3.95	      0.02	     -0.02
      3.96	      0.02	     -0.02
      3.97	      0.02	     -0.02
      3.98	      0.02	     -0.02
      3.99	      0.02	     -0.02
      4.00	      0.02	     -0.02
      4.01	      0.02	     -0.02
      4.02	      0.02	     -0.02
      4.03	      0.02	     -0.02
      4.04	      0.02	     -0.02
      4.05	      0.02	     -0.02
      4.06	      0.02	     -0.02
      4.07	      0.02	     -0.02
      4.08	      0.02	     -0.02
      4.09	      0.02	     -0.02
      4.10	      0.02	     -0.02
      4.11	      0.02	     -0.02
      4.12	      0.02	     -0.02
      4.13	      0.02	     -0.02
      4.14	      0.02	     -0.02
      4.15	      0.02	     -0.02
      4.16	      0.02	     -0.02
      4.17	      0.02	     -0.02
      4.18	      0.02	     -0.02
      4.19	      0.02	     -0.02
      4.20	      0.01	     -0.02
      4.21	      0.01	     -0.01
      4.22	      0.01	     -0.01
      4.23	      0.01	     -0.01
      4.24	      0.01	     -0.01
      4.25	      0.01	     -0.01
      4.26	      0.01	     -0.01
      4.27	      0.01	     -0.01
      4.28	      0.01	     -0.01
      4.29	      0.01	     -0.01
      4.30	      0.01	     -0.01
      4.31	      0.01	     -0.01
      4.32	      0.01	     -0.01
      4.33	      0.01	     -0.01
      4.34	      0.01	     -0.01
      4.35	      0.01	     -0.01
      4.36	      0.01	     -0.01
      4.37	      0.01	     -0.01
      4.38	      0.01	     -0.01
      4.39	      0.01	     -0.01
      4.40	      0.01	     -0.01
      4.41	      0.01	     -0.01
      4.42	      0.01	     -0.01
      4.43	      0.01	     -0.01
      4.44	      0.01	     -0.01
      4.45	      0.01	     -0.01
      4.46	      0.01	     -0.01
      4.47	      0.01	     -0.01
      4.48	      0.01	     -0.01
      4.49	      0.01	     -0.01
      4.50	      0.01	     -0.01
      4.51	      0.01	     -0.01
      4.52	      0.01	     -0.01
      4.53	      0.01	     -0.01
      4.54	      0.01	     -0.01
      4.55	      0.01	     -0.01
      4.56	      0.01	     -0.01
      4.57	      0.01	     -0.01
      4.58	      0.01	     -0.01
      4.59	      0.01	     -0.01
      4.60	      0.01	     -0.01
      4.61	      0.01	     -0.01
      4.62	      0.01	     -0.01
      4.63	      0.01	     -0.01
      4.64	      0.01	     -0.01
      4.65	      0.01	     -0.01
      4.66	      0.01	     -0.01
      4.67	      0.01	     -0.01
      4.68	      0.01	     -0.01
      4.69	      0.01	     -0.01
      4.70	      0.01	     -0.01
      4.71	      0.01	     -0.01
      4.72	      0.01	     -0.01
      4.73	      0.01	     -0.01
      4.74	      0.01	     -0.01
      4.75	      0.01	     -0.01
      4.76	      0.01	     -0.01
      4.77	      0.01	     -0.01
      4.78	      0.01	     -0.01
      4.79	      0.01	     -0.01
      4.80	      0.01	     -0.01
      4.81	      0.01	     -0.01
      4.82	      0.01	     -0.01
      4.83	      0.01	     -0.01
      4.84	      0.01	     -0.01
      4.85	      0.01	     -0.01
      4.86	      0.01	     -0.01
      4.87	      0.01	     -0.01
      4.88	      0.01	     -0.01
      4.89	      0.01	     -0.01
      4.90	      0.01	     -0.01
      4.91	      0.01	     -0.01
      4.92	      0.01	     -0.01
      4.93	      0.01	     -0.01
      4.94	      0.01	     -0.01
      4.95	      0.01	     -0.01
      4.96	      0.01	     -0.01
      4.97	      0.01	     -0.01
      4.98	      0.01	     -0.01
      4.99	      0.01	     -0.01
      5.00	      0.01	     -0.01
      5.01	      0.01	     -0.01
      5.02	      0.01	     -0.01
      5.03	      0.01	     -0.01
      5.04	      0.01	     -0.01
      5.05	      0.01	     -0.01
      5.06	      0.01	     -0.01
      5.07	      0.01	     -0.01
      5.08	      0.01	     -0.01
      5.09	      0.01	     -0.01
      5.10	      0.01	     -0.01
      5.11	      0.01	     -0.01
      5.12	      0.01	     -0.01
      5.13	      0.01	     -0.01
      5.14	      0.01	     -0.01
      5.15	      0.01	     -0.01
      5.16	      0.01	     -0.01
      5.17	      0.01	     -0.01
      5.18	      0.01	     -0.01
      5.19	      0.01	     -0.01
      5.20	      0.01	     -0.01
      5.21	      0.01	     -0.01
      5.22	      0.01	     -0.01
      5.23	      0.01	     -0.01
      5.24	      0.01	     -0.01
      5.25	      0.01	     -0.01
      5.26	      0.01	     -0.01
      5.27	      0.01	     -0.01
      5.28	      0.01	     -0.01
      5.29	      0.01	     -0.01
      5.30	      0.00	     -0.01
      5.31	      0.00	     -0.00
      5.32	      0.00	     -0.00
      5.33	      0.00	     -0.00
      5.34	      0.00	     -0.00
      5.35	      0.00	     -0.00
      5.36	      0.00	     -0.00
      5.37	      0.00	     -0.00
      5.38	      0.00	     -0.00
      5.39	      0.00	     -0.00
      5.40	      0.00	     -0.00
      5.41	      0.00	     -0.00
      5.42	      0.00	     -0.00
      5.43	      0.00	     -0.00
      5.44	      0.00	     -0.00
      5.45	      0.00	     -0.00
      5.46	      0.00	     -0.00
      5.47	      0.00	     -0.00
      5.48	      0.00	     -0.00
      5.49	      0.00	     -0.00
      5.50	      0.00	     -0.00
      5.51	      0.00	     -0.00
      5.52	      0.00	     -0.00
      5.53	      0.00	     -0.00
      5.54	      0.00	     -0.00
      5.55	      0.00	     -0.00
      5.56	      0.00	     -0.00
      5.57	      0.00	     -0.00
      5.58	      0.00	     -0.00
      5.59	      0.00	     -0.00
      5.60	      0.00	     -0.00
      5.61	      0.00	     -0.00
      5.62	      0.00	     -0.00
      5.63	      0.00	     -0.00
      5.64	      0.00	     -0.00
      5.65	      0.00	     -0.00
      5.66	      0.00	     -0.00
      5.67	      0.00	     -0.00
      5.68	      0.00	     -0.00
      5.69	      0.00	     -0.00
      5.70	      0.00	     -0.00
      5.71	      0.00	     -0.00
      5.72	      0.00	     -0.00
      5.73	      0.00	     -0.00
      5.74	      0.00	     -0.00
      5.75	      0.00	     -0.00
      5.76	      0.00	     -0.00
      5.77	      0.00	     -0.00
      5.78	      0.00	     -0.00
      5.79	      0.00	     -0.00
      5.80	      0.00	     -0.00
      5.81	      0.00	     -0.00
      5.82	      0.00	     -0.00
      5.83	      0.00	     -0.00
      5.84	      0.00	     -0.00
      5.85	      0.00	     -0.00
      5.86	      0.00	     -0.00
      5.87	      0.00	     -0.00
      5.88	      0.00	     -0.00
      5.89	      0.00	     -0.00
      5.90	      0.00	     -0.00
      5.91	      0.00	     -0.00
      5.92	      0.00	     -0.00
      5.93	      0.00	     -0.00
      5.94	      0.00	     -0.00
      5.95	      0.00	     -0.00
      5.96	      0.00	     -0.00
      5.97	      0.00	     -0.00
      5.98	      0.00	     -0.00
      5.99	      0.00	     -0.00
      6.00	      0.00	     -0.00
      6.01	      0.00	     -0.00
      6.02	      0.00	     -0.00
      6.03	      0.00	     -0.00
      6.04	      0.00	     -0.00
      6.05	      0.00	     -0.00
      6.06	      0.00	     -0.00
      6.07	      0.00	     -0.00
      6.08	      0.00	     -0.00
      6.09	      0.00	     -0.00
      6.10	      0.00	     -0.00
      6.11	      0.00	     -0.00
      6.12	      0.00	     -0.00
      6.13	      0.00	     -0.00
      6.14	      0.00	     -0.00
      6.15	      0.00	     -0.00
      6.16	      0.00	     -0.00
      6.17	      0.00	     -0.00
      6.18	      0.00	     -0.00
      6.19	      0.00	     -0.00
      6.20	      0.00	     -0.00
      6.21	      0.00	     -0.00
      6.22	      0.00	     -0.00
      6.23	      0.00	     -0.00
      6.24	      0.00	     -0.00
      6.25	      0.00	     -0.00
      6.26	      0.00	     -0.00
      6.27	      0.00	     -0.00
      6.28	      0.00	     -0.00
